vals
159
195
170
239
125
144
184
160
134
161
198
122
141
119
113
199
240
142
187
91
225
273
157
241
91
167
206
193
175
120
140
185
234
240
135
236
230
136
165
156
159
203
197
158
242
190
179
199
175
114
240
257
149
236
187
109
201
130
220
261
126
238
143
114
160
169
122
172
226
254
100
163
145
170
141
168
112
204
244
186
147
193
249
213
174
228
130
218
191
169
171
241
189
165
131
215
150
170
157
182
144
140
181
123
213
143
242
176
152
170
229
232
160
161
128
216
222
183
191
91
205
171
249
136
275
141
131
116
197
212
203
173
194
216
226
185
157
136
237
232
179
163
188
180
129
155
115
247
158
127
153
252
155
150
214
166
169
238
180
151
156
153
135
173
240
138
85
253
171
194
233
184
179
167
259
239
248
254
146
201
240
177
169
219
186
171
132
212
230
172
168
135
179
210
169
168
240
177
185
179
234
215
178
178
164
246
257
204
151
190
144
230
288
162
157
334
179
177
169
139
155
126
220
216
211
136
218
196
124
129
170
148
201
224
143
119
189
193
204
225
222
105
128
122
208
196
141
148
186
184
168
156
144
192
198
183
149
86
210
115
176
208
153
152
87
160
124
117
153
170
229
225
307
144
134
130
188
140
105
153
147
212
182
148
277
207
238
141
184
136
229
151
233
198
180
194
170
185
201
181
180
119
213
127
154
171
123
154
237
215
154
153
130
162
199
232
160
125
219
183
129
141
192
176
96
280
157
177
183
172
165
186
277
153
169
158
185
164
173
152
201
165
234
193
258
213
177
140
183
257
219
162
189
166
167
215
144
154
125
120
142
265
197
146
177
178
131
84
141
228
141
141
188
254
168
201
199
175
188
193
177
231
138
195
213
161
192
209
197
121
212
132
239
125
176
266
152
206
197
190
176
177
257
191
183
162
217
211
162
274
164
156
117
183
191
197
224
161
125
232
232
195
164
241
145
149
184
170
161
141
182
124
229
226
141
105
210
184
128
174
185
203
209
296
144
152
124
133
142
201
155
202
186
133
175
118
170
168
121
218
189
154
231
223
110
184
138
161
203
202
236
174
126
142
171
167
184
228
241
173
232
163
196
248
167
228
154
230
252
129
112
133
145
183
160
179
125
129
91
205
131
184
145
173
118
171
157
249
160
185
168
157
167
125
129
190
211
219
165
238
221
175
131
177
141
202
138
203
137
216
203
239
203
176
217
138
130
196
180
220
120
182
153
300
222
165
147
178
231
275
189
161
175
281
213
211
159
107
174
158
217
123
134
116
179
220
211
160
238
233
189
152
204
182
136
187
200
207
173
177
123
114
244
151
120
211
216
231
195
203
127
147
165
140
174
142
148
213
137
171
218
163
205
163
130
179
200
181
164
154
202
207
257
176
95
155
156
171
174
177
249
150
209
277
226
96
120
205
153
218
188
183
281
172
177
182
140
120
213
159
162
150
144
121
168
189
185
183
202
164
143
222
174
175
269
179
168
189
126
167
191
126
195
167
179
236
190
171
177
227
121
236
236
142
208
150
160
248
189
239
112
168
145
196
144
211
277
166
155
186
145
130
198
163
149
263
186
215
156
156
172
197
169
157
133
168
163
148
251
198
153
166
153
150
152
220
152
177
280
124
153
148
123
180
139
157
195
149
256
209
168
210
144
204
157
228
155
116
265
191
147
196
227
175
178
156
145
207
115
153
234
166
222
175
120
142
177
150
223
146
203
158
183
162
136
179
161
155
164
166
153
144
120
171
180
131
157
167
204
248
221
199
229
209
113
202
164
106
124
136
118
175
254
99
137
142
244
123
175
147
165
138
151
223
184
225
150
125
152
125
136
195
260
111
196
127
153
146
223
225
147
155
126
201
217
134
164
182
154
112
172
158
195
172
216
293
163
172
234
108
196
139
192
212
136
152
314
146
194
142
209
137
251
289
108
181
188
260
173
91
153
250
191
284
208
184
173
182
139
173
129
142
220
173
169
166
183
184
164
168
197
141
177
211
172
149
195
169
163
183
188
146
163
233
240
262
156
165
190
190
125
144
194
192
260
169
116
214
171
258
199
142
192
133
121
168
123
177
151
204
149
264
113
143
158
170
85
162
215
136
135
255
159
239
168
142
153
181
134
204
135
277
158
111
188
148
266
163
115
211
185
174
154
259
222
102
265
259
143
171
179
188
133
148
212
144
204
169
197
156
191
238
156
181
228
178
201
170
142
201
136
95
137
177
162
187
204
189
144
130
129
198
147
157
184
145
144
86
193
216
